2000    30926000     0       12719
2000    30926000     1       14594
2000    61805700     2       12368
2000    92020400     3       11842
2000    123329500    4       11466
2000    153655200    5       11314
2000    184615200    6       11975
2000    217246000    7       11975
2000    247200000    8       13812  
        

5000    49280000    0       20366
5000    49280000    1       14002
5000    98982000    2       14433
5000    149090400   3       15573
5000    195088000   4       14811
5000    246363600   5       15699
5000    298091200   6       18105
5000    345690000   7       18481
5000    391690000   8       22255  


10000   78900000    0       32654
10000   78900000    1       23212  
10000   158928000   2       23208
10000   236250000   3       24297
10000   311385000   4       25792
10000   394160000   5       26500
10000   473997600   6       28060
10000   556720500   7       30821
10000   625280000   8       36141
        
        
20000   112780000   0       47556
20000   112780000   1       33811
20000   224050000   2       33502
20000   341152000   3       36393
20000   450336000   4       38064
20000   570010000   5       39607
20000   668628000   6       41356
20000   777556000   7       48837
20000   889680000   8       53903
        
        
50000   508350000    Seq     146797
50000   508350000    1       146890
50000   1023526000   2       149651
50000   1525854000   3       171393
50000   2028225000   4       165332
50000   2519204000   5       171047
50000   3020952000   6       187407
50000   3515318000   7       190591
50000   4078500000   8       200441