Running time model
T (sec) = (a + bN) + (c + dN)K + (e + fN)/K
a = 0.00000
b = 1.35616e-08
c = 0.248720
d = 2.09706e-10
e = 0.974957
f = 2.71909e-07
normsqr = 356.090

Label	N       	K	T	Spdup	Effic	SeqFr
2000	3.09e+07	seq	12719
	3.09e+07	1	14594	0.872	0.872	0.029
	6.18e+07	2	12368	2.055	1.028
	9.20e+07	3	11842	3.196	1.065
	1.23e+08	4	11466	4.424	1.106
	1.54e+08	5	11314	5.585	1.117
	1.85e+08	6	11975	6.340	1.057
	2.17e+08	7	11975	7.461	1.066
	2.47e+08	8	13812	7.361	0.920

Label	N       	K	T	Spdup	Effic	SeqFr
5000	4.93e+07	seq	20366
	4.93e+07	1	14002	1.455	1.455	0.048
	9.90e+07	2	14433	2.834	1.417
	1.49e+08	3	15573	3.957	1.319
	1.95e+08	4	14811	5.444	1.361
	2.46e+08	5	15699	6.485	1.297
	2.98e+08	6	18105	6.804	1.134
	3.46e+08	7	18481	7.730	1.104
	3.92e+08	8	22255	7.274	0.909

Label	N       	K	T	Spdup	Effic	SeqFr
10000	7.89e+07	seq	32654
	7.89e+07	1	23212	1.407	1.407	0.046
	1.59e+08	2	23208	2.834	1.417
	2.36e+08	3	24297	4.024	1.341
	3.11e+08	4	25792	4.997	1.249
	3.94e+08	5	26500	6.156	1.231
	4.74e+08	6	28060	6.991	1.165
	5.57e+08	7	30821	7.476	1.068
	6.25e+08	8	36141	7.160	0.895

Label	N       	K	T	Spdup	Effic	SeqFr
20000	1.13e+08	seq	47556
	1.13e+08	1	33811	1.407	1.407	0.045
	2.24e+08	2	33502	2.820	1.410
	3.41e+08	3	36393	3.953	1.318
	4.50e+08	4	38064	4.989	1.247
	5.70e+08	5	39607	6.069	1.214
	6.69e+08	6	41356	6.817	1.136
	7.78e+08	7	48837	6.714	0.959
	8.90e+08	8	53903	6.960	0.870

Label	N       	K	T	Spdup	Effic	SeqFr
50000	5.08e+08	seq	146797
	5.08e+08	1	146890	0.999	0.999	0.047
	1.02e+09	2	149651	1.975	0.988
	1.53e+09	3	171393	2.571	0.857
	2.03e+09	4	165332	3.543	0.886
	2.52e+09	5	171047	4.253	0.851
	3.02e+09	6	187407	4.655	0.776
	3.52e+09	7	190591	5.326	0.761
	4.08e+09	8	200441	5.876	0.734
