Running time model
T (sec) = (a + bN) + (c + dN)K + (e + fN)/K
a = 0.309798
b = 1.23599e-08
c = 0.00000
d = 2.71215e-09
e = 0.970506
f = 2.72539e-07
normsqr = 291.153

Label	N       	K	T	Spdup	Effic	SeqFr
10000	7.89e+07	seq	32654
	7.89e+07	1	23212	1.407	1.407	0.055
	7.89e+07	2	14441	2.261	1.131
	7.89e+07	3	8317	3.926	1.309
	7.89e+07	4	7433	4.393	1.098
	7.89e+07	5	6911	4.725	0.945
	7.89e+07	6	5877	5.556	0.926
	7.89e+07	7	5741	5.688	0.813
	7.89e+07	8	5387	6.062	0.758

Label	N       	K	T	Spdup	Effic	SeqFr
20000	1.59e+08	seq	66872
	1.59e+08	1	49151	1.361	1.361	0.046
	1.59e+08	2	28423	2.353	1.176
	1.59e+08	3	17548	3.811	1.270
	1.59e+08	4	15744	4.247	1.062
	1.59e+08	5	14547	4.597	0.919
	1.59e+08	6	11741	5.696	0.949
	1.59e+08	7	11870	5.634	0.805
	1.59e+08	8	11129	6.009	0.751

Label	N       	K	T	Spdup	Effic	SeqFr
30000	3.61e+08	seq	116190
	3.61e+08	1	97265	1.195	1.195	0.049
	3.61e+08	2	53189	2.184	1.092
	3.61e+08	3	37788	3.075	1.025
	3.61e+08	4	31101	3.736	0.934
	3.61e+08	5	30698	3.785	0.757
	3.61e+08	6	26787	4.338	0.723
	3.61e+08	7	25638	4.532	0.647
	3.61e+08	8	22948	5.063	0.633

Label	N       	K	T	Spdup	Effic	SeqFr
50000	5.08e+08	seq	146797
	5.08e+08	1	146890	0.999	0.999	0.045
	5.08e+08	2	76151	1.928	0.964
	5.08e+08	3	53252	2.757	0.919
	5.08e+08	4	45153	3.251	0.813
	5.08e+08	5	40771	3.601	0.720
	5.08e+08	6	35524	4.132	0.689
	5.08e+08	7	36462	4.026	0.575
	5.08e+08	8	32171	4.563	0.570

Label	N       	K	T	Spdup	Effic	SeqFr
100000	1.64e+09	seq	685964
	1.64e+09	1	457961	1.498	1.498	0.072
	1.64e+09	2	244101	2.810	1.405
	1.64e+09	3	177515	3.864	1.288
	1.64e+09	4	150848	4.547	1.137
	1.64e+09	5	148621	4.616	0.923
	1.64e+09	6	121857	5.629	0.938
	1.64e+09	7	109952	6.239	0.891
	1.64e+09	8	106364	6.449	0.806
