10000 78900000   0       32654
10000 78900000   1       23212
10000 78900000   2       14441
10000 78900000   3       8317 
10000 78900000   4       7433 
10000 78900000   5       6911 
10000 78900000   6       5877 
10000 78900000   7       5741 
10000 78900000   8       5387 
20000 158500000   0     66872
20000 158500000       1       49151 
20000 158500000  2       28423      
20000 158500000       3       17548 
20000 158500000       4       15744 
20000 158500000      5       14547 
20000 158500000      6       11741 
20000 158500000    7       11870 
20000 158500000   8       11129 
30000 360510000   0     116190
30000 360510000        1       97265
30000 360510000        2       53189
30000 360510000        3       37788
30000 360510000        4       31101
30000 360510000        5       30698
30000 360510000        6       26787
30000 360510000        7       25638
30000 360510000        8       22948
50000 508350000   0     146797
50000 508350000        1       146890
50000 508350000        2       76151 
50000 508350000        3       53252 
50000 508350000        4       45153 
50000 508350000        5       40771 
50000 508350000        6       35524 
50000 508350000        7       36462 
50000 508350000        8       32171 
100000 1640100000        0     685964
100000 1640100000        1     457961
100000 1640100000        2     244101
100000 1640100000        3     177515
100000 1640100000        4     150848
100000 1640100000        5     148621
100000 1640100000        6     121857
100000 1640100000        7     109952
100000 1640100000        8     106364